000000
000000
000000
000000
001111
001111
001111
001111
001111
001111
001111
001111
001111
001111
001111
001111
001111
001111
001111
001111
001111
001111
001111
001111
111111
111111
111111
111111
111111
111111
111111
111111
111111
111111
111111
111111
111111
111111
001111
001111
001111
001111
011111
011111
011111
011111
011111
011111
001111
001111
001111
001111
001111
001111
001111
001111
001111
001111
011111
011111
011111
011111
001111
001111
001111
001111
001111
001111
101010
101010
101010
101010
111100
111100
111100
111100
111100
111100
000000
000000
000000
000000
110011
110011
110011
110011
110011
110011
100110
100110
100110
100110
111100
111100
111100
111100
111100
111100
000000
000000
000000
000000
000000
000000
000000
000000
000000
000000
111111
111111
111111
111111
111111
111111
111111
111111
111111
111111
111111
111111
101001
101001
101001
101001
101001
101001
