0000
0000
0010
0010
0001
0001
0010
0010
0011
0011
0010
0010
0101
0101
0110
0110
0010
0010
0100
0100
0110
0110
0010
0010
0001
0001
0101
0101
0001
0001
1010
1010
1010
1010
0110
0110
0010
0010
0001
0001
0101
0101
0001
0001
0111
0111
0010
0010
0001
0001
0101
0101
0001
0001
0111
0111
0010
0010
0001
0001
0101
0101
0001
0001
0111
0111
0010
0010
0001
0001
0101
0101
0001
0001
1000
1000
0010
0010
0001
0001
0101
0101
0001
0001
1000
1000
0010
0010
0001
0001
0101
0101
0001
0001
1001
1001
0010
0010
0001
0001
0101
0101
0001
0001
1001
1001
0010
0010
0001
0001
1010
1010
0010
0010
1010
1010
1010
1010
0010
0010
0001
0001
1011
1011
0010
0010
