1000000
1000000
1000000
1000000
1000000
1000000
0010010
0010010
0010010
0010010
0000010
0000010
0000010
0000010
0000010
0000010
0100100
0100100
0100100
0100100
0100100
0100100
0010000
0010000
0010000
0010000
0010000
0010000
0010000
0010000
0010000
0010000
0010000
0010000
0010000
0010000
0010000
0010000
0010000
0010000
0010000
0010000
0010000
0010000
0010000
0010000
0000010
0000010
0000010
0000010
0000010
0000010
0000010
0000010
0000010
0000010
1000000
1000000
1000000
1000000
1000000
1000000
1000000
1000000
1000000
1000000
1000000
1000000
1000000
1000000
1000000
1000000
1000000
1000000
1000000
1000000
1000000
1000000
1000000
1000000
1000000
1000000
1000000
1000000
1000000
1000000
1000000
1000000
1000000
1000000
1000000
1000000
1000000
1000000
1000000
1000000
0100100
0100100
0100100
0100100
0100100
0100100
0100100
0100100
0100100
0100100
1000000
1000000
1000000
1000000
1000000
1000000
0000010
0000010
0000010
0000010
0000010
0000010
0000000
0000000
0000000
0000000
0000000
0000000
1000000
1000000
