1000000
1000000
1000000
1000000
1000000
1000000
1111001
1111001
1111001
1111001
1111001
1111001
1111001
1111001
1111001
1111001
0110000
0110000
0110000
0110000
0110000
0110000
0011001
0011001
0011001
0011001
0011001
0011001
0011001
0011001
0011001
0011001
0011001
0011001
0011001
0011001
0010010
0010010
0010010
0010010
0010010
0010010
0010010
0010010
0010010
0010010
1111001
1111001
1111001
1111001
1111001
1111001
1111001
1111001
1111001
1111001
1000000
1000000
1000000
1000000
1000000
1000000
1000000
1000000
1000000
1000000
0011001
0011001
0011001
0011001
0011001
0011001
0011001
0011001
0011001
0011001
0011001
0011001
0011001
0011001
0011001
0011001
0011001
0011001
0011001
0011001
1000000
1000000
1000000
1000000
1000000
1000000
1000000
1000000
1000000
1000000
0000010
0000010
0000010
0000010
0000010
0000010
0000010
0000010
0000010
0000010
1000000
1000000
1000000
1000000
1000000
1000000
0100100
0100100
0100100
0100100
0100100
0100100
0011001
0011001
0011001
0011001
0011001
0011001
0100100
0100100
